County/ Sub- County,Total,"Collected by
County
Government","Collected by
Community
Association
(CBOs Youth
Groups Faith
based
organizations)","Collected by
private
company","Dumped in the
compound","Dumped in
the street/
Vacant plot/
Drain/
Waterways","Dumped in
the Latrine","Burnt in
open ",Buried,"Compost
pit","Burnt in
a pit","Not
Stated"
KENYA,"12,043,016",6.3,6.9,8.8,8.4,2.4,3.6,27.1,3.2,18.4,14.9,0.0
Rural,"7,379,282",0.7,0.1,0.7,11.7,1.1,4.3,33.7,4.8,25.1,17.9,0.0
Urban,"4,663,734",15.3,17.5,21.8,3.2,4.4,2.5,16.5,0.8,7.8,10.1,0.0
MOMBASA,"376,295",5.6,36.7,19.5,3.9,5.2,2.6,16.1,0.6,4.9,4.9,0.0
CHANGAMWE,"46,439",6.8,50.4,14.6,3.2,6.6,2.2,9.5,0.5,3.2,3.1,0.0
JOMVU,"53,214",2.5,27.8,8.4,5.1,6.6,1.3,27.7,0.8,10.4,9.3,0.0
KISAUNI,"88,159",4.0,28.7,17.3,4.9,5.5,2.7,23.6,0.7,4.7,8.0,0.0
LIKONI,"80,002",6.3,47.3,8.0,3.6,2.9,3.8,17.8,0.8,5.2,4.4,0.0
MVITA,"38,710",13.7,30.4,37.6,3.0,6.8,1.8,3.4,0.2,1.6,1.4,0.1
NYALI,"69,771",4.1,36.0,36.8,3.2,4.4,3.0,7.1,0.5,3.4,1.5,0.0
KWALE,"172,802",5.2,1.1,1.2,20.9,2.0,4.4,33.2,2.7,12.4,16.7,0.0
KINANGO,"16,041",0.2,0.0,0.1,36.3,2.2,3.1,29.7,1.9,15.8,10.6,0.0
LUNGALUNGA,"37,276",0.9,0.1,0.4,22.7,2.4,8.2,33.1,5.1,14.0,13.2,0.0
MATUGA,"39,124",2.0,0.3,0.1,22.1,0.9,3.6,32.5,1.6,14.0,23.1,0.0
MSAMBWENI,"45,374",16.8,3.9,3.6,9.9,1.8,2.0,37.0,1.3,9.6,14.1,0.0
SAMBURU,"34,987",0.6,0.2,0.7,24.8,3.0,5.3,31.0,3.7,11.0,19.6,0.1
KILIFI,"297,990",6.2,2.8,3.9,11.5,1.9,4.7,34.8,2.7,12.0,19.4,0.0
CHONYI,"11,416",0.0,-,0.0,22.2,1.3,6.3,35.4,1.4,17.7,15.7,-
GANZE,"23,197",0.3,0.0,0.0,21.8,0.6,4.5,33.2,3.8,13.1,22.5,0.1
KALOLENI,"36,344",3.2,0.4,0.8,12.9,1.5,6.8,37.5,4.0,13.5,19.4,0.0
KAUMA,"3,479",0.1,0.0,0.2,13.3,2.1,7.0,41.0,3.7,14.2,18.5,-
KILIFI NORTH,"39,508",12.7,2.7,2.2,9.6,1.4,3.8,35.3,1.7,10.4,20.4,0.0
KILIFI SOUTH,"53,011",7.3,7.3,12.7,6.5,1.8,2.6,36.2,1.0,9.0,15.7,0.0
MAGARINI,"32,978",1.1,0.1,0.2,17.5,1.6,4.7,37.0,5.3,16.0,16.5,0.0
MALINDI,"73,317",9.4,4.6,4.7,8.4,3.2,4.8,34.7,2.7,9.7,17.8,0.0
RABAI,"24,740",4.5,0.2,0.9,9.8,1.9,6.7,24.5,1.8,15.8,33.8,0.0
TANA RIVER,"66,984",0.7,0.5,0.6,10.5,2.6,4.6,49.4,9.8,7.5,13.6,0.1
TANA DELTA,"22,395",0.1,0.1,0.1,12.2,3.0,2.8,51.9,9.2,9.4,11.3,0.0
TANA NORTH,"26,119",1.5,0.6,1.0,10.1,2.1,7.2,46.8,13.8,4.9,11.9,0.0
TANA RIVER,"18,470",0.5,0.8,0.7,9.2,2.8,2.9,50.2,4.9,8.8,19.0,0.1
LAMU,"34,231",3.8,2.0,1.3,16.0,6.4,4.5,38.9,3.3,9.7,14.0,0.0
LAMU EAST,"4,476",8.5,1.0,0.1,16.1,14.1,8.6,32.8,1.0,9.7,8.2,-
LAMU WEST,"29,755",3.1,2.2,1.5,16.0,5.3,3.9,39.8,3.7,9.7,14.8,0.0
TAITA/TAVETA,"94,468",5.9,0.6,0.9,9.6,1.0,3.7,26.1,1.4,13.0,37.7,0.0
MWATATE,"23,184",1.0,0.0,0.5,13.0,0.3,3.1,16.1,1.2,19.2,45.5,0.0
TAITA,"14,985",2.2,0.0,0.3,17.6,0.2,1.8,18.8,2.5,24.9,31.6,0.0
TAVETA,"23,417",5.1,0.4,1.0,6.3,0.7,5.9,33.8,1.8,6.4,38.6,0.0
VOI,"32,882",11.7,1.5,1.3,5.9,2.3,3.4,31.0,0.7,7.8,34.4,0.0
GARISSA,"138,940",6.1,1.0,3.5,8.1,1.6,10.0,45.6,11.4,5.3,7.3,0.0
BALAMBALA,"3,986",2.4,0.8,2.4,8.6,0.7,5.0,44.9,22.3,5.6,7.4,-
DADAAB,"35,169",2.9,0.6,3.1,8.0,1.2,15.2,43.0,15.6,3.8,6.6,0.0
FAFI,"23,351",3.9,2.0,2.3,7.9,2.7,7.1,44.7,13.3,5.6,10.4,0.0
GARISSA,"29,790",18.3,1.6,9.7,7.8,1.5,13.6,30.8,4.4,4.7,7.6,0.1
HULUGHO,"20,078",1.8,0.1,0.2,5.8,0.3,2.7,66.4,9.1,8.5,5.1,0.0
IJARA,"18,296",2.7,0.9,1.0,11.1,2.4,7.9,48.6,11.7,6.3,7.1,0.0
LAGDERA,"8,270",1.4,0.9,0.2,9.2,2.1,7.6,56.3,13.7,3.2,5.4,-
WAJIR,"126,878",5.7,0.5,1.6,5.3,1.3,8.4,43.5,24.0,3.4,6.2,0.0
BUNA,"6,480",1.6,0.0,0.2,9.9,2.2,6.3,45.4,23.1,6.7,4.6,-
ELDAS,"13,862",3.7,0.3,2.3,3.4,1.2,11.0,33.8,37.3,4.1,2.9,-
HABASWEIN,"31,113",2.7,0.7,0.6,8.2,1.2,10.7,53.0,11.5,3.3,8.0,0.0
TARBAJ,"9,241",1.1,0.1,0.2,1.3,1.3,7.3,43.0,36.6,3.6,5.5,-
WAJIR EAST,"18,282",23.0,0.7,7.4,5.1,1.7,6.9,22.2,26.3,1.6,5.1,0.0
WAJIR NORTH,"10,478",4.7,0.3,0.3,6.9,2.8,8.8,52.1,11.2,4.5,8.3,-
WAJIR SOUTH,"21,149",1.3,0.9,0.3,3.5,0.1,7.3,51.3,24.6,2.6,8.2,0.0
WAJIR WEST,"16,273",3.9,0.1,0.6,3.6,1.8,6.3,41.1,34.9,3.7,4.0,-
MANDERA,"123,954",9.1,0.3,0.4,5.5,1.5,7.5,58.1,8.7,2.9,5.9,0.0
MANDERA WEST,"14,201",2.2,0.4,0.4,6.3,0.6,6.3,66.3,8.2,4.1,5.2,0.0
BANISA,"24,000",3.3,0.4,0.5,5.7,1.8,6.6,61.0,12.4,3.3,5.0,0.0
KOTULO,"9,342",14.9,0.1,0.1,9.1,1.4,7.1,57.4,5.8,2.2,2.0,-
LAFEY,"11,380",5.0,0.1,0.7,4.5,0.6,6.1,67.0,8.7,3.6,3.8,-
MANDERA CENTRAL,"20,795",4.0,0.2,0.4,5.0,1.5,12.7,63.4,8.6,1.4,2.7,0.1
MANDERA EAST,"25,206",27.9,0.6,0.7,3.3,1.5,7.5,38.5,6.3,3.2,10.6,-
MANDERA NORTH,"19,030",2.2,0.0,0.1,7.3,2.7,5.1,63.2,8.9,2.5,8.0,-
MARSABIT,"76,689",5.2,0.0,0.4,10.4,1.8,5.0,46.3,7.8,3.9,19.0,0.1
LOIYANGALANI,"7,646",0.0,-,0.0,14.1,1.6,3.1,53.1,14.0,2.6,11.4,-
MARSABIT CENTRAL,"15,658",11.6,0.2,1.9,5.3,0.8,5.5,33.9,1.9,4.0,35.1,0.0
MARSABIT NORTH,"7,468",0.1,-,0.1,15.2,5.9,4.3,57.7,1.8,1.0,13.8,-
MARSABIT SOUTH,"11,563",0.1,0.0,0.0,12.1,1.8,2.1,53.6,16.0,4.5,9.7,0.0
MOYALE,"17,591",11.9,0.0,0.1,4.9,1.6,6.4,45.8,3.4,4.0,21.7,0.0
NORTH HORR,"9,601",0.1,0.0,0.0,21.9,1.5,2.2,51.7,13.7,0.6,7.7,0.4
SOLOLO,"7,162",0.8,-,0.2,8.0,0.9,11.2,36.2,10.4,11.4,21.0,0.0
ISIOLO,"53,217",4.7,1.4,6.3,4.1,1.2,5.4,42.6,6.0,4.2,24.1,0.0
GARBATULLA,"17,047",0.4,0.6,0.6,4.6,0.9,5.6,50.5,8.8,4.2,23.8,0.0
ISIOLO,"27,612",8.4,2.3,11.8,4.4,1.4,5.3,37.0,2.4,4.7,22.2,0.0
MERTI,"8,558",1.4,0.0,-,2.3,1.1,4.8,45.1,12.1,2.5,30.7,-
MERU,"423,931",4.6,0.2,0.6,13.4,0.7,5.2,27.8,2.7,28.1,16.7,0.0
BUURI EAST,"23,737",2.0,0.0,0.1,8.6,0.9,3.8,27.0,3.1,21.8,32.6,0.0
BUURI WEST,"27,905",2.8,1.1,1.9,4.6,1.2,1.5,24.3,1.9,29.2,31.4,0.0
IGEMBE CENTRAL,"51,848",0.9,0.0,0.2,18.8,0.5,5.3,44.0,3.2,20.1,6.9,0.0
IGEMBE NORTH,"38,716",1.9,0.0,0.2,15.8,0.7,8.3,35.9,4.9,24.3,8.1,0.0
IGEMBE SOUTH,"43,222",11.5,0.4,0.4,18.8,0.5,8.2,26.3,2.0,23.4,8.4,0.1
IMENTI NORTH,"57,556",15.0,0.1,1.1,7.8,0.7,3.8,18.3,1.4,26.2,25.6,0.0
IMENTI SOUTH,"63,954",3.5,0.3,0.8,10.7,0.1,6.2,18.2,2.1,41.5,16.5,0.0
MERUCENTRAL,"39,498",1.6,0.1,0.3,13.8,0.6,5.3,26.0,2.0,29.7,20.6,0.0
TIGANIA CENTRAL,"24,983",0.4,0.4,1.4,22.0,1.1,2.9,33.8,3.5,25.0,9.4,0.0
TIGANIA EAST,"16,791",1.0,0.0,0.8,10.8,0.4,2.8,26.3,4.5,36.0,17.3,0.1
TIGANIA WEST,"35,402",0.3,0.0,0.3,15.4,1.3,5.2,31.3,2.8,28.4,15.0,0.0
MERU NATIONAL PARK,46,-,-,-,-,-,-,34.8,-,-,65.2,-
MT. KENYA FOREST,273,0.7,-,3.3,2.6,-,1.8,26.0,13.2,12.5,39.9,-
THARAKA-NITHI,"109,450",4.4,0.1,0.2,15.8,0.5,4.3,34.8,2.0,19.2,18.7,0.0
IGAMBANG'OMBE,"14,383",1.2,-,0.1,26.4,0.9,1.9,34.9,2.3,15.8,16.5,0.0
MAARA,"34,779",3.9,0.3,0.4,14.5,0.2,3.6,33.3,1.7,24.4,17.7,0.0
MERU SOUTH,"28,211",10.4,0.0,0.4,17.0,0.6,2.2,28.3,1.8,23.1,16.2,0.0
THARAKA NORTH,"13,403",0.5,-,0.0,11.3,0.4,13.5,45.9,2.8,8.0,17.4,0.1
THARAKA SOUTH,"18,603",1.5,0.0,0.1,11.5,0.7,3.7,39.2,2.0,14.6,26.7,0.0
MT. KENYA FOREST,71,-,-,-,-,-,50.7,5.6,-,33.8,9.9,-
EMBU,"182,427",4.4,1.3,2.3,11.4,0.8,3.9,28.6,2.0,24.1,21.1,0.0
EMBU EAST,"39,586",0.8,0.7,1.9,15.0,0.5,5.9,23.9,2.7,32.8,15.8,-
EMBU NORTH,"24,294",1.4,0.7,1.7,9.3,0.5,3.6,15.5,2.4,53.3,11.6,0.0
EMBU WEST,"43,126",16.0,4.0,6.6,10.7,1.7,4.5,19.6,0.9,21.3,14.7,0.0
MBEERE SOUTH,"45,924",0.8,0.3,0.5,11.4,0.7,2.4,41.9,2.6,10.1,29.4,0.0
MBEERE NORTH,"29,483",0.3,0.0,0.1,9.6,0.3,3.0,38.0,1.8,14.5,32.4,0.0
MT. KENYA FOREST,14,-,-,-,-,-,-,-,-,85.7,14.3,-
KITUI,"261,814",3.8,0.1,0.3,13.0,1.3,6.1,38.3,3.1,11.3,22.8,0.0
IKUTHA,"16,579",0.4,-,0.2,10.0,0.5,6.0,42.4,2.6,6.9,31.0,0.0
KATULANI,"12,166",0.2,0.1,0.1,14.7,0.1,4.0,36.9,2.7,16.0,25.2,-
KISASI,"10,860",0.8,-,0.2,31.8,0.5,1.5,37.3,1.4,9.7,16.7,0.0
KITUI CENTRAL,"29,026",15.6,0.1,0.4,13.4,2.0,4.1,26.5,1.9,17.0,18.9,0.0
KITUI WEST,"17,465",1.7,0.0,0.1,11.3,0.2,5.9,33.0,4.2,18.9,24.6,-
KYUSO,"15,969",1.5,0.0,0.1,9.8,1.4,10.6,48.6,3.9,4.7,19.4,0.0
LOWER YATTA,"15,021",1.9,0.4,0.1,10.9,1.6,5.7,40.3,4.6,14.3,20.2,0.0
MATINYANI,"11,497",0.5,-,0.1,12.4,0.3,5.1,26.5,1.2,30.6,23.4,-
MIGWANI,"18,843",0.4,0.0,0.1,13.8,0.1,3.2,33.0,1.9,17.7,29.7,0.0
MUMONI,"6,451",0.1,-,0.2,12.0,1.4,12.0,48.2,3.4,4.3,18.5,0.0
MUTITU,"11,490",0.5,0.0,0.3,16.6,1.9,6.4,46.2,6.3,5.9,15.6,0.1
MUTITU NORTH,"4,929",0.1,0.3,0.0,13.2,1.0,3.4,48.1,1.4,5.5,27.0,0.0
MUTOMO,"23,034",2.6,0.1,0.1,13.0,1.0,4.9,40.5,4.0,6.9,27.1,0.0
MWINGI CENTRAL,"26,745",12.8,0.1,0.8,9.1,3.6,8.6,39.3,3.4,5.1,17.1,0.0
MWINGI EAST,"18,725",0.1,0.0,0.1,13.3,1.6,6.4,45.3,2.9,4.5,26.0,0.0
NZAMBANI,"11,276",0.7,0.0,0.9,18.1,0.5,5.1,30.6,1.7,16.1,26.2,-
THAGICU,"3,289",0.0,-,-,5.8,0.9,16.1,44.6,3.8,1.8,26.9,-
TSEIKURU,"8,449",1.2,-,0.2,6.2,0.7,10.4,50.1,4.4,6.2,20.6,-
MACHAKOS,"399,523",7.4,1.6,9.7,7.4,2.4,3.8,23.1,1.6,27.2,15.8,0.0
ATHI RIVER,"109,723",16.4,5.4,32.3,4.2,6.7,3.2,19.2,0.6,3.9,8.1,0.1
KALAMA,"14,137",0.1,0.0,0.2,6.8,0.1,3.9,19.2,2.9,48.0,18.7,0.0
KANGUNDO,"26,115",2.1,0.0,0.2,3.6,0.1,3.1,13.6,1.8,62.4,13.0,0.0
KATHIANI,"28,730",1.7,0.0,0.2,14.0,0.6,2.2,14.2,1.5,51.5,14.2,0.0
MACHAKOS,"50,753",12.0,0.6,3.5,7.6,1.8,2.6,22.5,1.9,22.4,25.0,0.0
MASINGA,"36,196",0.2,0.0,0.6,13.0,0.2,8.7,33.6,2.0,19.1,22.6,0.0
MATUNGULU,"44,399",6.2,0.3,1.5,6.3,0.8,2.8,24.0,1.8,39.5,16.8,0.0
MWALA,"45,809",0.7,0.1,0.4,6.8,0.7,3.6,23.9,1.4,46.0,16.3,0.0
YATTA,"43,661",3.2,0.1,0.3,10.1,1.0,5.1,36.0,2.7,22.4,19.2,0.0
MAKUENI,"243,979",4.0,0.1,0.3,13.0,0.4,5.0,28.6,1.8,23.0,23.9,0.0
KATHONZWENI,"18,362",1.0,0.0,0.1,14.4,0.3,2.4,35.3,1.2,11.2,34.2,0.0
KIBWEZI,"47,594",4.7,0.1,0.3,11.8,0.5,6.3,38.1,1.2,7.1,29.9,0.0
KILUNGU,"14,563",0.2,0.1,0.1,26.6,0.1,5.0,24.4,4.1,33.3,6.0,0.0
MAKINDU,"21,662",3.0,0.2,0.2,10.0,0.4,5.6,36.8,1.2,13.0,29.5,0.0
MAKUENI,"34,352",13.1,0.0,0.6,11.9,0.9,7.0,20.6,2.3,27.6,16.0,0.0
MBOONI EAST,"23,724",0.4,0.0,0.0,19.4,0.3,1.8,21.8,1.9,33.7,20.7,0.0
MBOONI WEST,"24,807",0.1,0.0,0.0,12.8,0.1,5.9,18.5,1.4,43.4,17.8,0.0
MUKAA,"28,109",0.6,0.0,0.6,7.7,0.3,1.9,30.0,2.4,30.8,25.5,0.0
NZAUI,"30,806",6.0,0.2,0.1,10.8,0.5,6.1,27.1,1.8,19.7,27.7,0.0
NYANDARUA,"178,224",4.4,0.4,1.6,14.0,1.0,1.0,34.4,2.7,12.2,28.4,0.0
KINANGOP,"30,847",5.5,0.0,0.6,9.0,1.0,1.4,42.8,1.7,14.4,23.5,0.0
NYANDARUA SOUTH,"25,650",8.7,1.0,3.0,9.7,0.4,0.8,31.1,2.7,11.2,31.4,0.0
MIRANGINE,"17,880",1.2,0.0,0.4,18.1,0.4,0.6,38.1,2.4,12.9,26.0,0.0
KIPIPIRI,"25,077",2.5,0.0,0.2,17.6,0.3,1.1,36.8,5.4,14.3,21.6,0.0
NYANDARUA CENTRAL,"21,852",6.5,2.0,6.8,12.2,2.4,0.7,28.3,3.3,9.7,28.2,0.0
NYANDARUA WEST,"29,003",3.4,0.0,0.4,17.0,1.4,0.6,34.3,2.1,11.1,29.8,0.0
NYANDARUA NORTH,"27,906",2.7,0.0,0.3,15.5,0.7,1.6,28.8,1.7,11.2,37.4,0.0
ABERDARE NATIONAL PARK,9,-,-,-,-,-,-,-,-,100.0,-,-
NYERI,"244,564",11.1,0.3,1.7,9.1,0.4,2.1,27.6,2.2,19.8,25.7,0.0
TETU,"24,122",1.4,0.0,0.1,12.4,0.1,1.4,33.7,2.2,31.0,17.6,0.0
KIENI EAST,"36,751",5.6,0.3,1.9,5.5,0.4,2.0,30.9,1.0,10.8,41.5,0.0
KIENI WEST,"27,530",1.4,0.0,0.8,6.2,0.3,2.0,32.8,3.5,16.5,36.6,0.0
MATHIRA EAST,"33,945",16.1,0.2,1.7,9.0,0.1,2.7,22.8,2.0,23.6,21.8,0.0
MATHIRA WEST,"18,892",0.5,0.0,0.2,11.0,0.1,2.6,24.2,5.4,27.0,28.8,0.0
NYERI SOUTH,"28,103",8.3,0.8,2.1,10.6,0.2,1.6,23.4,2.7,33.3,17.0,0.0
MUKURWE-INI,"27,036",0.9,0.0,0.1,19.2,0.2,2.4,37.3,1.7,17.8,20.3,0.0
NYERI CENTRAL,"48,036",33.7,0.4,4.4,4.4,1.3,2.1,20.6,1.1,10.9,21.0,0.0
MT. KENYA FOREST,101,-,-,-,7.9,-,-,42.6,6.9,25.7,16.8,-
ABERDARE FOREST,48,-,-,2.1,-,-,-,95.8,2.1,-,-,-
KIRINYAGA,"203,576",7.2,1.3,3.0,10.1,1.6,2.2,24.2,1.7,29.7,19.0,0.0
KIRINYAGA CENTRAL,"40,149",10.3,4.0,8.4,12.0,0.9,1.4,14.9,1.3,33.0,13.6,0.0
KIRINYAGA EAST,"44,509",5.3,0.8,1.4,9.3,0.4,1.5,14.3,2.4,51.9,12.7,0.0
KIRINYAGA WEST,"37,951",8.4,0.3,2.9,12.1,2.3,1.9,23.3,1.3,27.4,20.1,0.0
MWEA EAST,"46,331",7.9,0.9,1.9,9.1,3.1,2.8,31.0,2.1,18.4,22.8,0.0
MWEA WEST,"34,613",3.8,0.3,0.2,8.3,1.0,3.4,39.7,1.3,15.2,26.9,0.0
MT. KENYA FOREST,23,4.3,-,-,-,-,78.3,-,-,13.0,4.3,-
MURANG'A,"317,496",3.9,0.4,1.8,16.6,0.6,2.9,30.4,2.4,23.3,17.8,0.0
MURANG'A EAST,"34,650",17.8,0.0,0.6,17.2,0.7,1.9,30.9,1.1,12.1,17.6,0.0
KANGEMA,"25,283",2.2,0.5,1.3,13.9,0.3,2.3,30.0,2.1,29.5,17.8,-
MATHIOYA,"28,372",2.0,0.2,0.6,12.0,0.3,2.5,35.2,4.2,31.8,11.1,0.0
KAHURO,"26,778",1.2,0.0,0.5,31.7,0.2,1.6,30.7,1.2,21.9,11.1,0.0
MURANG'A SOUTH,"55,878",3.2,0.8,2.2,16.8,1.6,4.7,34.6,2.1,15.2,18.8,0.0
GATANGA,"55,340",1.6,0.4,4.5,10.4,0.3,3.1,26.0,2.8,28.4,22.4,0.0
KIGUMO,"40,528",2.7,0.5,1.5,21.2,0.7,2.0,23.0,2.5,31.0,14.9,0.0
KANDARA,"50,657",1.8,0.3,1.3,14.8,0.4,3.2,33.3,2.6,21.1,21.1,0.0
ABERDARE FOREST,10,-,-,-,-,-,-,-,-,-,100.0,-
KIAMBU,"792,333",10.1,4.6,26.0,4.1,1.5,1.8,24.8,0.9,9.0,17.1,0.0
GATUNDU NORTH,"31,452",4.0,0.1,0.7,9.0,0.3,2.2,33.5,3.2,25.7,21.0,0.0
GATUNDU SOUTH,"35,577",5.7,0.4,0.6,9.2,0.5,3.5,39.6,2.3,19.2,19.1,0.0
GITHUNGURI,"49,414",4.4,0.8,3.4,6.2,0.4,3.2,37.1,2.1,19.2,23.2,0.0
JUJA,"104,042",11.8,6.2,31.5,3.1,2.8,1.8,25.8,0.3,4.1,12.4,0.0
KABETE,"66,681",3.8,2.0,33.7,2.4,0.3,0.8,26.7,0.3,5.1,25.0,0.0
KIAMBAA,"80,316",6.9,2.2,29.5,4.1,0.4,3.6,26.4,1.0,10.2,15.5,0.0
KIAMBU,"46,816",11.6,2.5,27.7,2.8,0.5,0.7,23.2,0.8,8.3,21.6,0.1
KIKUYU,"60,619",3.3,1.6,33.2,2.5,0.2,1.2,23.5,1.0,4.5,29.0,0.0
LARI,"38,585",2.9,0.9,1.0,11.1,0.6,3.2,28.2,2.3,24.5,25.2,0.0
LIMURU,"49,096",7.2,1.6,9.7,3.8,0.8,1.1,28.3,0.9,15.4,31.1,0.0
RUIRU,"127,910",13.8,12.3,46.1,2.1,2.7,0.7,14.8,0.2,2.2,5.1,0.0
THIKA EAST,"12,736",9.0,0.7,3.5,5.7,2.5,2.8,34.7,0.2,8.2,32.7,0.0
THIKA WEST,"89,089",25.8,8.4,30.8,3.4,3.9,0.9,16.2,0.2,4.1,6.3,0.0
TURKANA,"162,627",1.5,0.3,0.5,5.0,3.4,5.9,51.9,19.5,3.7,8.2,0.1
KIBISH,"5,699",0.0,0.0,0.5,6.5,9.8,0.9,55.7,17.7,2.9,6.0,-
LOIMA,"19,139",0.1,0.1,0.1,5.7,5.6,1.9,60.7,18.2,2.1,5.4,0.1
TURKANA CENTRAL,"37,917",4.5,0.0,1.2,2.6,1.9,5.8,47.7,18.4,4.3,13.6,0.0
TURKANA EAST,"17,887",0.4,0.1,0.2,7.3,0.6,4.1,61.5,19.0,1.8,5.0,0.1
TURKANA NORTH,"12,964",0.1,0.0,0.3,5.6,3.8,2.7,42.6,39.2,1.4,4.3,0.0
TURKANA SOUTH,"24,281",1.5,0.1,0.3,6.6,2.3,4.1,59.0,14.0,3.7,8.4,0.1
TURKANA WEST,"44,740",0.5,1.1,0.5,4.6,4.4,11.0,46.1,18.8,5.5,7.4,0.1
WEST POKOT,"115,761",2.3,0.1,0.3,13.9,1.3,4.0,51.5,8.0,8.8,9.9,0.0
KIPKOMO,"18,367",0.2,0.0,0.2,11.6,0.8,3.1,61.5,5.3,8.9,8.5,-
POKOT CENTRAL,"21,784",0.0,0.0,0.0,16.1,1.5,4.0,56.5,7.6,4.3,9.9,0.0
POKOT NORTH,"25,736",1.0,0.2,0.2,11.2,2.4,3.7,56.9,14.9,4.5,5.1,0.1
POKOT SOUTH,"13,752",0.0,-,0.2,21.8,0.3,2.7,51.9,1.4,11.6,10.1,-
WEST POKOT,"36,122",6.6,0.1,0.7,12.5,0.9,5.3,39.4,7.1,13.5,13.9,0.0
SAMBURU,"63,951",3.2,0.1,0.4,10.5,4.8,4.1,49.6,7.3,4.0,16.0,0.0
SAMBURU CENTRAL,"33,720",5.0,0.1,0.8,12.5,2.0,4.6,43.2,4.1,4.7,23.0,0.0
SAMBURU EAST,"17,307",0.3,0.0,0.0,8.0,10.0,5.4,50.4,12.4,5.1,8.2,-
SAMBURU NORTH,"12,924",2.3,0.0,0.0,8.6,4.8,1.0,65.0,8.9,0.8,8.4,0.0
TRANS NZOIA,"222,989",3.5,0.7,1.9,13.8,2.2,3.7,17.1,2.7,44.5,9.9,0.0
TRANS NZOIA WEST,"47,576",12.4,2.0,3.0,11.6,6.4,3.3,15.0,2.4,36.8,7.1,0.0
TRANS NZOIA EAST,"49,955",0.4,0.0,0.3,14.9,0.9,2.6,23.5,2.6,39.5,15.3,0.0
KWANZA,"45,599",1.0,0.7,3.2,17.0,1.4,4.8,13.1,3.0,49.0,6.7,0.0
ENDEBESS,"23,246",0.0,0.0,0.1,21.1,1.3,2.5,20.5,2.8,42.0,9.7,0.0
KIMININI,"56,613",2.2,0.5,2.3,9.2,0.9,4.8,14.9,2.7,52.6,10.0,0.0
UASIN GISHU,"301,110",11.4,2.4,9.0,4.7,0.9,3.1,26.6,1.2,13.1,27.8,0.0
AINABKOI,"34,862",9.1,1.6,11.2,3.9,0.8,3.4,33.0,1.1,9.1,27.0,0.0
KAPSERET,"59,678",17.2,1.1,11.9,4.9,1.2,2.5,21.1,0.7,12.8,26.5,0.0
KESSES,"34,623",5.0,0.0,2.4,4.8,0.4,3.3,34.1,1.6,10.9,37.5,0.0
MOIBEN,"46,602",12.7,0.9,10.0,2.7,0.3,3.3,31.6,0.7,5.1,32.9,0.0
SOY,"53,758",5.6,1.7,2.0,7.1,0.9,2.9,28.5,1.6,19.2,30.4,0.0
TURBO,"71,587",14.4,6.4,13.1,4.2,1.5,3.5,19.6,1.3,16.8,19.1,0.0
ELGEYO/MARAKWET,"99,119",1.7,0.0,0.1,6.3,0.2,4.0,55.7,1.7,6.5,23.7,0.0
KEIYO NORTH,"21,749",3.8,0.0,0.1,6.5,0.3,1.4,49.5,1.1,5.7,31.7,0.0
KEIYO SOUTH,"26,740",0.5,0.0,0.2,3.5,0.1,5.7,50.7,3.1,8.0,28.1,0.0
MARAKWET EAST,"21,123",0.1,-,0.0,10.8,0.1,5.5,69.7,1.8,3.3,8.7,0.0
MARAKWET WEST,"29,507",2.4,0.0,0.1,5.6,0.1,3.5,54.8,0.9,8.0,24.6,0.0
NANDI,"199,040",1.9,0.1,1.1,8.5,0.3,3.1,30.0,2.8,25.8,26.3,0.0
CHESUMEI,"39,011",3.5,0.1,0.4,8.7,0.6,2.4,30.0,2.1,21.6,30.6,0.0
NANDI CENTRAL,"34,247",3.4,0.2,0.6,7.8,0.3,2.2,24.4,4.0,34.5,22.6,0.0
NANDI EAST,"29,249",4.2,0.1,4.7,5.6,0.2,5.5,18.4,3.7,29.6,28.1,0.0
NANDI NORTH,"35,257",0.0,0.0,0.1,7.8,0.3,2.8,35.3,1.8,18.6,33.2,0.0
NANDI SOUTH,"37,038",0.1,0.0,0.1,12.4,0.5,2.8,26.8,3.6,34.4,19.4,0.0
TINDERET,"24,238",0.0,0.1,1.8,7.8,0.2,3.3,49.0,1.5,13.2,23.0,0.0
BARINGO,"141,877",1.9,0.0,0.2,7.5,1.4,2.6,55.4,4.2,4.0,22.9,0.0
BARINGO CENTRAL,"23,523",2.3,0.0,0.4,3.3,0.1,4.2,51.6,1.6,3.4,33.1,0.0
BARINGO NORTH,"23,345",0.1,0.0,0.0,5.6,0.1,3.1,64.3,2.9,3.7,20.2,0.0
EAST POKOT,"14,392",0.6,0.0,0.1,19.1,7.2,1.6,50.2,12.1,3.3,5.8,-
KOIBATEK,"30,752",5.6,-,0.3,5.1,1.7,1.8,47.9,1.1,6.3,30.1,0.0
MARIGAT,"19,658",0.1,-,0.1,5.4,0.8,2.1,67.4,2.4,3.4,18.3,0.0
MOGOTIO,"18,169",1.5,0.0,0.1,3.3,0.2,2.9,56.8,2.3,2.5,30.4,-
TIATY EAST,"12,038",0.0,0.0,0.1,21.9,1.5,1.7,49.7,15.8,3.4,5.9,0.0
LAIKIPIA,"145,776",15.4,0.1,0.6,8.1,0.7,3.6,33.5,3.0,9.9,25.1,0.0
LAIKIPIA CENTRAL,"29,877",8.7,0.0,1.0,6.2,0.5,2.5,31.9,2.3,9.7,37.2,0.0
LAIKIPIA EAST,"31,311",33.8,0.1,0.5,3.2,0.4,3.6,24.9,1.7,8.3,23.5,0.0
LAIKIPIA NORTH,"7,694",0.7,0.1,0.6,10.1,0.9,3.1,53.1,7.3,2.8,21.2,0.0
LAIKIPIA WEST,"32,821",2.6,0.0,0.4,12.8,0.6,3.3,41.4,3.6,12.5,22.7,0.0
NYAHURURU,"44,073",18.9,0.1,0.6,9.1,0.9,4.6,31.5,3.1,10.5,20.6,0.0
NAKURU,"598,237",11.5,4.3,13.8,7.5,1.7,3.1,30.4,1.9,7.7,18.1,0.0
GILGIL,"49,405",6.1,1.0,5.6,9.1,1.5,3.2,41.2,2.0,9.2,21.2,0.0
KURESOI NORTH,"40,168",0.2,0.3,0.3,12.3,1.8,7.0,42.8,4.0,10.2,21.1,0.0
KURESOI SOUTH,"34,543",0.2,0.0,0.4,5.6,0.4,4.5,52.1,1.8,6.0,28.9,0.0
MOLO,"41,439",7.9,0.2,1.2,12.2,5.4,3.4,38.2,2.9,12.6,15.8,0.0
NAIVASHA,"111,493",18.9,6.2,17.5,5.2,1.6,2.4,23.8,1.0,6.9,16.5,0.0
NAKURU EAST,"60,066",21.4,9.7,42.6,1.7,1.1,1.0,13.4,0.3,1.9,6.8,0.0
NAKURU NORTH,"61,582",6.2,1.1,16.5,7.6,0.9,2.6,29.9,1.5,10.2,23.5,0.0
NAKURU WEST,"64,429",32.9,16.3,27.5,1.5,1.6,2.0,9.9,0.4,2.6,5.3,0.0
NJORO,"61,156",1.9,0.8,3.5,13.5,3.1,4.7,40.4,3.1,9.1,19.8,0.0
RONGAI,"52,248",4.4,0.5,7.6,6.3,0.4,3.5,37.0,2.9,6.1,31.3,0.0
SUBUKIA,"21,708",0.6,0.3,0.9,20.7,0.8,2.7,31.6,3.5,20.6,18.3,0.0
NAROK,"238,115",4.0,0.1,1.0,6.6,1.9,4.7,44.1,3.6,7.7,26.2,0.0
NAROK EAST,"24,860",0.6,0.0,0.6,10.0,1.9,7.5,36.9,3.7,10.1,28.7,0.0
NAROK NORTH,"59,802",13.6,0.1,2.7,5.6,4.1,3.7,37.4,2.2,8.8,21.7,0.0
NAROK SOUTH,"46,549",0.5,0.0,0.4,5.9,0.9,6.2,49.9,5.0,6.9,24.3,0.0
NAROK WEST,"37,782",0.9,0.2,0.4,7.0,0.9,2.6,47.9,6.3,4.5,29.2,0.0
TRANS MARA EAST,"20,439",-,-,0.0,3.3,0.0,4.9,40.7,1.8,2.5,46.7,0.0
TRANS MARA WEST,"48,683",1.5,0.0,0.6,8.0,1.6,4.6,48.8,2.8,10.6,21.4,0.0
MAU FOREST,-,-,-,-,-,-,-,-,-,-,-,-
KAJIADO,"313,218",9.4,2.4,26.2,2.8,0.8,3.9,26.2,2.5,5.3,20.5,0.0
ISINYA,"71,395",13.3,3.9,46.6,1.5,0.3,5.7,11.9,0.5,3.0,13.1,0.1
KAJIADO CENTRAL,"37,059",13.0,0.7,6.6,3.0,0.5,2.6,33.8,4.3,5.3,30.1,0.0
KAJIADO NORTH,"100,908",13.0,3.9,41.1,2.0,1.0,1.5,20.1,0.3,3.9,13.2,0.0
KAJIADO WEST,"42,367",2.0,0.5,9.6,3.5,0.8,4.7,41.0,6.6,7.6,23.8,0.0
LOITOKITOK,"45,581",2.2,0.4,1.2,5.2,1.4,6.0,41.1,6.2,9.0,27.3,0.0
MASHUURU,"15,908",0.1,0.4,1.0,3.7,0.8,5.4,28.9,0.7,8.4,50.7,0.0
KERICHO,"205,932",7.4,0.2,3.3,4.2,1.0,5.8,39.7,3.1,8.4,27.0,0.0
BELGUT,"34,978",4.2,0.2,11.5,3.7,0.2,7.0,29.6,2.6,13.2,27.7,0.0
BURETI,"43,098",4.2,0.1,0.7,2.9,0.2,6.4,41.1,3.5,9.7,31.1,0.0
KERICHO EAST,"44,246",24.4,0.4,3.0,3.2,3.3,4.6,31.5,1.8,6.1,21.7,0.1
KIPKELION,"24,676",0.0,0.1,0.0,5.0,0.1,7.1,51.8,4.2,6.1,25.5,0.0
LONDIANI,"31,739",2.8,0.2,3.0,8.3,0.6,5.9,42.0,4.7,5.7,26.7,0.0
SOIN SIGOWET,"27,195",0.8,0.1,0.3,3.0,0.4,4.1,50.2,1.9,8.8,30.3,0.0
BOMET,"187,230",2.1,0.1,2.5,2.2,0.2,2.8,44.8,1.9,5.7,37.8,0.0
BOMET EAST,"29,897",1.4,0.1,0.0,1.4,0.1,3.1,57.3,2.0,4.5,30.1,0.0
CHEPALUNGU,"33,850",0.1,0.0,0.0,0.3,0.0,1.4,45.2,0.8,1.2,51.1,0.0
KONOIN,"38,123",1.0,0.0,11.0,3.9,0.1,2.1,33.5,3.6,16.4,28.3,0.0
SOTIK,"47,265",1.9,0.2,0.7,2.4,0.4,3.6,48.3,1.6,3.2,37.6,0.0
BOMET CENTRAL,"38,095",5.8,0.2,0.3,2.2,0.1,3.5,41.7,1.6,3.1,41.6,0.0
KAKAMEGA,"432,284",0.8,0.1,0.6,10.3,1.8,3.9,10.3,3.9,64.2,4.1,0.0
BUTERE,"36,243",0.1,0.0,0.2,6.5,1.5,3.8,3.9,3.7,78.4,1.9,0.0
KAKAMEGA CENTRAL,"51,956",3.7,0.5,2.9,7.9,1.5,3.6,8.4,1.5,63.9,6.0,0.0
KAKAMEGA EAST,"39,589",0.2,0.1,0.2,12.8,1.1,6.5,11.1,3.4,59.4,5.0,0.1
KAKAMEGA NORTH,"50,952",0.2,0.0,0.2,9.7,1.9,5.6,9.1,4.9,65.0,3.4,0.0
KAKAMEGA SOUTH,"26,940",0.1,0.0,0.1,13.9,1.6,2.3,11.8,4.2,63.2,2.8,0.0
KHWISERO,"27,681",0.1,0.0,0.1,5.3,0.6,2.9,7.1,2.2,79.4,2.4,0.0
LIKUYANI,"34,776",0.2,0.1,0.2,9.5,1.4,5.8,17.9,5.5,51.8,7.5,0.0
LUGARI,"27,817",0.0,0.0,0.1,9.8,1.0,2.2,15.4,3.7,61.9,5.8,0.0
MATETE,"13,956",0.1,0.0,0.2,12.5,1.0,3.9,12.1,4.2,61.8,4.3,-
MATUNGU,"36,414",0.2,0.3,0.2,14.0,3.2,1.8,11.9,4.1,61.2,3.1,0.0
MUMIAS EAST,"25,995",0.7,0.0,0.2,12.8,2.5,3.6,7.6,4.6,65.5,2.4,0.0
MUMIAS WEST,"27,650",3.4,0.1,1.7,6.9,2.8,3.3,11.1,5.2,60.4,5.1,0.0
NAVAKHOLO,"32,315",0.0,-,0.1,14.8,2.8,3.7,8.7,4.6,62.8,2.5,0.0
VIHIGA,"143,288",1.0,0.1,0.1,10.1,0.4,2.6,9.8,3.6,68.4,3.8,0.0
EMUHAYA,"23,803",0.3,0.0,0.0,5.5,0.7,2.4,4.2,2.2,82.6,1.9,0.0
VIHIGA,"23,359",1.6,0.0,0.1,9.3,0.3,3.1,12.3,5.8,64.2,3.2,0.0
SABATIA,"31,391",1.5,0.1,0.1,12.1,0.2,2.1,10.5,3.4,65.6,4.4,0.0
LUANDA,"26,766",1.2,0.2,0.3,5.6,0.1,2.6,8.6,2.3,73.2,5.9,0.0
HAMISI,"37,965",0.5,0.0,0.1,15.0,0.8,2.9,12.1,4.3,61.1,3.3,0.0
KAKAMEGA FOREST,4,-,-,-,-,-,-,-,25.0,75.0,-,-
BUNGOMA,"357,714",1.5,0.1,0.5,12.3,1.5,4.3,13.3,4.1,57.9,4.6,0.0
BUMULA,"44,922",0.3,0.0,0.1,14.6,1.8,5.6,15.8,4.9,54.3,2.6,0.0
BUNGOMA CENTRAL,"37,535",0.6,0.1,0.1,8.9,1.5,5.1,8.9,3.0,68.5,3.3,0.0
BUNGOMA EAST,"24,798",0.6,0.1,0.4,9.1,0.4,3.8,13.7,5.8,60.3,5.9,0.0
BUNGOMA NORTH,"24,940",0.1,0.0,0.3,11.3,1.1,4.3,12.5,3.3,64.5,2.7,0.0
BUNGOMA SOUTH,"69,088",4.9,0.5,1.6,8.2,1.7,4.6,12.5,3.0,55.2,7.9,0.0
CHEPTAIS,"26,007",0.2,0.0,0.1,21.1,2.2,5.4,20.9,6.3,40.8,2.9,0.0
KIMILILI,"35,053",1.5,0.1,0.2,12.9,0.6,2.9,9.4,3.2,65.9,3.3,0.0
MT. ELGON,"15,230",0.4,-,0.2,15.5,1.6,4.3,18.8,5.0,49.0,5.1,0.0
BUNGOMA WEST,"25,166",0.1,0.0,0.1,14.6,1.8,4.3,13.7,4.6,57.5,3.2,0.0
TONGAREN,"21,343",0.1,0.0,0.1,14.8,1.8,4.5,14.3,4.8,55.0,4.4,0.0
WEBUYE WEST,"32,834",2.6,0.2,0.3,11.6,1.6,1.7,11.0,3.5,61.6,6.0,0.0
MT. ELGON FOREST,798,-,-,0.1,36.0,-,1.4,27.2,2.6,32.0,0.8,-
BUSIA,"197,944",2.0,0.2,0.6,10.3,3.0,4.0,18.3,5.2,47.8,8.7,0.0
BUNYALA,"19,028",0.3,0.1,0.3,7.0,1.6,2.7,32.0,2.3,26.7,27.0,0.0
BUSIA,"33,152",6.3,0.5,1.4,8.6,2.6,6.4,16.5,4.4,45.3,7.8,0.0
BUTULA,"32,199",0.2,0.0,0.4,9.8,2.1,5.4,11.4,2.9,64.5,3.2,0.0
NAMBALE,"23,889",1.3,0.1,0.3,10.5,2.7,2.8,16.3,4.4,56.6,4.8,0.0
SAMIA,"23,813",0.0,0.0,0.1,10.2,2.7,2.2,21.6,3.9,46.6,12.7,-
TESO NORTH,"29,314",1.1,0.1,0.5,13.1,4.5,3.9,17.1,9.3,43.3,7.1,0.0
TESO SOUTH,"36,549",3.0,0.2,1.0,11.5,4.1,3.4,19.0,7.3,44.8,5.8,0.0
SIAYA,"249,341",0.4,0.0,0.2,10.5,1.8,3.4,26.8,3.1,41.7,12.1,0.0
SIAYA,"57,386",0.4,0.1,0.3,10.0,1.7,2.7,27.3,2.8,40.5,14.2,0.1
GEM,"44,696",0.3,0.0,0.1,10.7,1.5,2.1,17.1,3.6,59.0,5.6,0.0
UGENYA,"33,554",0.4,0.0,0.2,8.8,3.0,4.0,14.4,3.6,58.3,7.3,0.0
UGUNJA,"26,321",0.4,0.0,0.2,9.6,1.7,1.9,15.4,2.4,61.8,6.6,0.0
BONDO,"50,454",0.8,0.0,0.4,9.9,1.5,4.4,40.4,2.6,19.9,20.0,0.0
RARIEDA,"36,930",0.3,0.0,0.1,13.9,1.4,5.2,38.5,3.5,23.1,14.0,0.1
KISUMU,"296,846",2.5,2.5,5.0,6.2,1.5,5.4,39.7,2.7,18.5,15.9,0.0
KISUMU EAST,"61,499",3.6,1.3,5.0,4.8,1.5,5.9,47.3,2.0,11.9,16.8,0.0
KISUMU CENTRAL,"52,163",7.9,12.3,20.0,3.4,3.5,1.9,31.7,1.3,8.8,9.4,0.0
KISUMU WEST,"42,785",1.0,0.2,1.5,6.3,1.2,5.9,33.9,2.5,28.5,19.0,0.0
SEME,"29,404",0.0,0.0,0.1,12.8,0.9,6.5,22.4,3.2,40.8,13.3,0.0
MUHORONI,"36,982",1.0,0.1,1.6,7.3,0.9,5.1,52.1,3.8,15.4,12.6,0.0
NYANDO,"38,460",0.4,0.3,0.4,6.1,0.4,6.8,51.7,4.6,11.0,18.3,0.0
NYAKACH,"35,553",0.3,0.0,0.2,6.4,1.2,6.7,34.0,2.9,24.8,23.5,0.0
HOMA BAY,"260,290",1.2,0.1,0.5,11.7,1.5,6.4,37.3,4.8,21.3,15.2,0.0
HOMA BAY,"28,471",5.2,0.3,1.3,6.6,2.3,5.1,37.4,4.3,17.0,20.3,0.0
NDHIWA,"47,956",0.3,0.0,0.5,14.3,1.3,4.9,30.4,5.8,28.4,14.0,0.0
RACHUONYO NORTH,"41,661",0.1,0.1,0.4,12.1,1.0,8.1,42.0,3.6,15.6,16.9,0.0
RACHUONYO EAST,"27,229",0.2,0.0,0.1,11.2,1.6,4.1,34.7,5.8,30.3,12.0,0.0
RACHUONYO SOUTH,"30,693",2.2,0.1,0.5,11.0,1.8,7.0,32.8,5.1,26.6,13.0,0.0
RANGWE,"26,983",0.7,0.1,0.3,10.6,0.9,7.2,30.1,5.3,29.1,15.7,0.0
SUBA NORTH,"29,662",0.9,0.3,0.9,8.9,2.0,7.6,49.1,2.3,10.7,17.3,0.0
SUBA SOUTH,"27,635",0.6,0.0,0.1,17.1,1.7,6.9,43.7,6.6,10.8,12.4,0.0
MIGORI,"238,133",1.8,0.2,0.9,10.0,3.3,6.1,30.6,4.9,26.7,15.5,0.0
AWENDO,"27,014",1.7,0.0,1.4,10.6,4.8,6.6,26.1,4.6,29.0,15.1,0.0
KURIA EAST,"17,267",0.3,0.0,0.2,11.6,4.8,5.2,26.5,5.1,32.8,13.4,0.0
KURIA WEST,"39,723",5.6,0.3,1.6,12.4,5.1,5.2,24.4,5.1,30.2,10.2,0.0
NYATIKE,"39,358",0.2,0.1,0.1,8.6,1.7,5.7,44.4,3.7,13.2,22.3,0.0
RONGO,"29,007",0.8,0.1,0.8,6.7,1.9,10.7,27.8,4.4,32.1,14.8,0.0
SUNA EAST,"27,214",3.5,0.5,1.7,10.4,4.1,3.7,22.9,4.9,29.8,18.5,0.1
SUNA WEST,"28,839",0.7,0.4,1.0,7.3,2.5,7.5,34.9,5.0,23.5,17.2,0.0
URIRI,"29,711",0.2,0.0,0.2,12.3,2.4,4.6,32.9,6.8,29.2,11.3,0.0
KISII,"307,254",5.2,0.3,0.6,15.9,2.3,4.5,31.5,8.4,23.3,7.9,0.0
ETAGO,"18,610",0.4,0.0,0.1,15.4,4.9,3.5,34.2,10.8,24.3,6.5,0.0
GUCHA,"19,621",3.3,0.1,0.1,20.0,2.1,3.7,26.1,8.7,28.8,6.9,0.0
GUCHA SOUTH,"19,627",0.5,0.1,0.2,13.2,2.5,5.1,38.8,10.1,21.5,8.1,0.0
KENYENYA,"30,985",2.0,0.2,0.2,23.0,3.3,5.1,30.6,7.9,22.0,5.7,0.0
KISII CENTRAL,"44,037",18.8,0.7,1.0,13.5,1.5,3.5,25.5,5.7,21.9,7.9,0.0
KISII SOUTH,"31,574",1.4,0.4,0.4,15.0,3.0,6.1,32.2,12.5,22.3,6.7,0.0
KITUTU CENTRAL,"41,233",11.4,0.7,2.1,12.7,1.8,4.3,29.1,5.8,23.3,8.8,0.0
MARANI,"26,133",0.1,0.0,0.1,19.6,2.9,6.0,25.2,10.8,26.8,8.5,0.0
MASABA SOUTH,"29,206",1.9,0.0,0.1,13.9,0.7,5.6,35.7,8.3,23.9,9.8,0.0
NYAMACHE,"30,583",1.7,0.0,0.1,13.8,1.9,3.9,37.7,7.5,24.0,9.4,0.0
SAMETA,"15,645",0.8,0.0,0.2,19.7,3.0,2.3,40.7,7.7,17.9,7.6,0.0
NYAMIRA,"150,499",2.6,0.1,0.9,16.5,1.3,3.7,29.7,7.4,28.6,9.1,0.0
BORABU,"19,404",3.3,0.0,5.1,11.4,0.7,4.8,31.5,6.2,25.3,11.7,0.0
MANGA,"23,836",2.0,0.0,0.5,16.7,1.0,4.4,35.0,6.2,25.9,8.2,0.0
MASABA NORTH,"27,904",3.9,0.3,0.2,13.8,0.7,4.3,26.2,4.9,34.8,11.0,0.0
NYAMIRA NORTH,"40,396",0.9,0.1,0.2,16.1,2.1,2.9,30.3,10.6,28.5,8.4,0.0
NYAMIRA SOUTH,"38,959",3.5,0.1,0.3,21.3,1.4,3.1,27.6,7.1,27.6,7.9,0.0
NAIROBI CITY,"1,494,676",12.9,37.9,30.0,1.6,7.8,0.9,4.5,0.1,2.2,2.0,0.1
DAGORETTI,"154,949",10.2,21.4,43.2,2.9,2.0,1.2,9.2,0.2,4.6,5.0,0.1
EMBAKASI,"346,462",14.5,41.3,30.2,1.5,5.8,0.6,2.7,0.1,2.4,0.7,0.0
KAMUKUNJI,"83,680",20.4,37.4,27.9,1.9,8.2,1.2,1.2,0.2,1.1,0.5,0.1
KASARANI,"268,611",10.3,45.5,32.3,1.0,3.6,0.6,3.8,0.1,1.2,1.6,0.0
KIBRA,"61,651",6.5,20.7,15.3,2.9,42.6,2.3,5.0,0.2,3.3,1.2,0.0
LANGATA,"60,187",13.0,5.7,47.7,2.1,17.8,1.5,5.2,0.2,3.0,3.7,0.1
MAKADARA,"70,080",13.7,49.8,21.0,1.4,7.8,0.5,3.6,0.1,1.4,0.7,0.0
MATHARE,"74,967",12.0,55.1,8.1,1.4,20.1,0.7,0.8,0.1,1.4,0.2,0.1
NJIRU,"204,492",8.4,59.7,14.0,0.7,3.0,0.6,8.3,0.1,1.0,4.1,0.1
STAREHE,"66,108",24.7,21.2,31.6,1.8,15.1,1.6,1.5,0.0,1.9,0.6,0.1
WESTLANDS,"103,489",18.1,8.5,56.3,1.5,2.7,1.5,4.4,0.3,4.0,2.6,0.0
